delay: 0
0.0001277923583984375
0.00014328956604003906
0.00020194053649902344
0.000141143798828125
0.000141143798828125
delay: 1
0.0012574195861816406
0.0012242794036865234
0.0013933181762695312
0.0012197494506835938
0.0012278556823730469
delay: 10
0.010401010513305664
0.010193109512329102
0.010455131530761719
0.01020956039428711
0.010274171829223633
delay: 100
0.10038948059082031
0.1005091667175293
0.10044527053833008
0.10043764114379883
0.10048675537109375
delay: 1000
1.0003538131713867
1.0004796981811523
1.000511646270752
1.000436544418335
1.0004374980926514
